 0 0 0 EARS 0 0 0 0 0 ZhuS.Cal. 0 0 0 0 
Net Station Name Lat Lon Est.Thick StdDev Est.Vp/Vs StdDev AssumedVp Vs PoissonsRatio NumEQ Thick Vp/Vs Vp Vs PoissonsRatio 
XF94 ALPN ZhuS.Cal. 32.87 -116.75 35.0 1.006 1.80 0.04 6.264 3.489 0.27 5 35 1.84 6.3 3.424 0.29 
AZ ASBS ZhuS.Cal. 33.62 -116.47 29.25 0.476 1.77 0.04 6.264 3.544 0.26 26 29 1.78 6.3 3.539 0.27 
CI BAR ZhuS.Cal. 32.68 -116.67 35.25 2.705 1.92 0.08 6.264 3.258 0.31 134 34 1.86 6.3 3.387 0.30 
CI BC3 ZhuS.Cal. 33.66 -115.45 24.25 0.258 1.78 0.03 6.155 3.462 0.27 27 25 1.84 6.3 3.424 0.29 
XF94 BLSY ZhuS.Cal. 32.91 -116.88 31.0 8.312 1.87 0.13 6.264 3.359 0.30 7 36 1.82 6.3 3.462 0.28 
XF94 BWLW ZhuS.Cal. 32.84 -116.23 65.5 15.376 1.88 0.19 6.264 3.341 0.30 3 25 1.81 6.3 3.481 0.28 
AZ BZN ZhuS.Cal. 33.49 -116.67 31.0 0.232 1.72 0.01 6.264 3.652 0.24 81 30 1.80 6.3 3.5 0.28 
CI CIA ZhuS.Cal. 33.40 -118.42 24.75 1.513 1.60 0.07 6.048 3.78 0.18 67 22 1.78 6.3 3.539 0.27 
AZ CRY ZhuS.Cal. 33.57 -116.74 31.75 0.091 1.78 0.01 6.264 3.514 0.27 124 32 1.81 6.3 3.481 0.28 
CI CWC ZhuS.Cal. 36.44 -118.08 39.5 2.624 1.63 0.08 6.291 3.866 0.20 57 30 1.83 6.3 3.443 0.29 
CI DAN ZhuS.Cal. 34.64 -115.38 28.25 0.112 1.67 0.01 6.276 3.764 0.22 97 28 1.70 6.3 3.706 0.24 
CI DGR ZhuS.Cal. 33.65 -117.01 33.25 0.15 1.78 0.01 6.264 3.524 0.27 124 33 1.80 6.3 3.5 0.28 
CI DJJ ZhuS.Cal. 34.11 -118.45 27.0 1.857 1.70 0.05 6.1 3.583 0.24 65 28 1.73 6.3 3.642 0.25 
AZ FRD ZhuS.Cal. 33.49 -116.60 32.0 0.207 1.70 0.01 6.264 3.679 0.24 145 30 1.75 6.3 3.6 0.26 
CI GLA ZhuS.Cal. 33.05 -114.83 27.0 0.302 1.68 0.01 6.155 3.663 0.23 129 27 1.72 6.3 3.663 0.24 
CI GPO ZhuS.Cal. 35.65 -117.66 45.5 8.288 1.60 0.11 6.276 3.916 0.18 4 30 1.85 6.3 3.405 0.29 
CI GSC ZhuS.Cal. 35.30 -116.81 25.0 2.163 1.73 0.07 6.276 3.622 0.25 135 30 1.76 6.3 3.58 0.26 
CI HEC ZhuS.Cal. 34.83 -116.33 28.25 1.273 1.82 0.03 6.276 3.453 0.28 22 28 1.84 6.3 3.424 0.29 
XF94 HONY ZhuS.Cal. 32.90 -116.64 35.5 3.871 1.76 0.08 6.264 3.564 0.26 5 33 1.81 6.3 3.481 0.28 
CI ISA ZhuS.Cal. 35.66 -118.47 48.5 7.217 1.60 0.15 6.1 3.812 0.18 120 37 1.78 6.3 3.539 0.27 
CI JCS ZhuS.Cal. 33.09 -116.60 35.25 2.018 1.76 0.06 6.264 3.549 0.26 84 35 1.76 6.3 3.58 0.26 
AZ KNW ZhuS.Cal. 33.71 -116.71 33.25 0.723 1.77 0.04 6.264 3.534 0.27 103 31 1.83 6.3 3.443 0.29 
XF94 LGNA ZhuS.Cal. 32.84 -116.41 30.75 0.781 1.81 0.05 6.264 3.47 0.28 6 31 1.81 6.3 3.481 0.28 
CI LRL ZhuS.Cal. 35.48 -117.68 30.5 0.365 1.77 0.01 6.276 3.536 0.27 21 31 1.76 6.3 3.58 0.26 
AZ LVA2 ZhuS.Cal. 33.35 -116.56 30.5 0.45 1.68 0.05 6.264 3.739 0.22 102 30 1.80 6.3 3.5 0.28 
XF94 MICA ZhuS.Cal. 32.65 -116.12 28.75 19.048 1.63 0.19 6.264 3.849 0.20 4 27 1.78 6.3 3.539 0.27 
CI MPM ZhuS.Cal. 36.06 -117.49 31.25 0.213 1.77 0.01 6.279 3.537 0.27 100 31 1.79 6.3 3.52 0.27 
CI NEE ZhuS.Cal. 34.82 -114.60 41.5 4.657 1.60 0.09 6.276 3.922 0.18 28 31 1.75 6.3 3.6 0.26 
CI OSI ZhuS.Cal. 34.61 -118.72 53.5 4.988 1.96 0.08 6.1 3.116 0.32 100 32 1.71 6.3 3.684 0.24 
CI PAS ZhuS.Cal. 34.15 -118.17 37.75 5.328 1.60 0.09 6.1 3.812 0.18 96 28 1.73 6.3 3.642 0.25 
CI PHL ZhuS.Cal. 35.41 -120.55 24.5 1.767 1.79 0.05 6.183 3.464 0.27 59 24 1.80 6.3 3.5 0.28 
XF94 PINE ZhuS.Cal. 32.83 -116.53 29.25 15.996 1.81 0.13 6.264 3.456 0.28 6 32 1.85 6.3 3.405 0.29 
CI PLM ZhuS.Cal. 33.35 -116.86 28.5 2.495 1.99 0.07 6.264 3.155 0.33 141 34 1.84 6.3 3.424 0.29 
AZ RDM ZhuS.Cal. 33.63 -116.85 32.5 0.17 1.81 0.01 6.264 3.456 0.28 145 32 1.80 6.3 3.5 0.28 
CI RPV ZhuS.Cal. 33.74 -118.40 19.0 6.025 2.07 0.06 6.048 2.925 0.35 84 22 1.84 6.3 3.424 0.29 
CI SBC ZhuS.Cal. 34.44 -119.71 27.25 5.696 1.95 0.05 6.1 3.132 0.32 45 33 1.79 6.3 3.52 0.27 
CI SHO ZhuS.Cal. 35.90 -116.28 29.0 1.068 1.83 0.08 6.276 3.439 0.29 17 29 1.81 6.3 3.481 0.28 
AZ SHUM ZhuS.Cal. 33.63 -116.44 29.5 0.397 1.71 0.01 6.264 3.668 0.24 16 28 1.79 6.3 3.52 0.27 
CI SLA ZhuS.Cal. 35.89 -117.28 28.5 0.173 1.81 0.01 6.276 3.472 0.28 84 27 1.86 6.3 3.387 0.30 
CI SNCC ZhuS.Cal. 33.25 -119.52 26.75 5.481 1.64 0.10 6.048 3.677 0.21 41 21 1.74 6.3 3.621 0.25 
AZ SND ZhuS.Cal. 33.55 -116.61 31.25 2.923 1.78 0.06 6.264 3.514 0.27 115 31 1.80 6.3 3.5 0.28 
CI SVD ZhuS.Cal. 34.11 -117.10 32.25 1.024 1.91 0.02 6.276 3.29 0.31 67 38 1.82 6.3 3.462 0.28 
CI SWS ZhuS.Cal. 32.94 -115.80 26.25 7.926 1.70 0.13 6.155 3.62 0.24 9 22 1.78 6.3 3.539 0.27 
CI VCS ZhuS.Cal. 34.48 -118.11 31.0 0.6 1.82 0.03 6.1 3.352 0.28 78 31 1.85 6.3 3.405 0.29 
CI VTV ZhuS.Cal. 34.56 -117.33 32.25 1.942 1.69 0.03 6.276 3.708 0.23 55 31 1.75 6.3 3.6 0.26 
AZ WMC ZhuS.Cal. 33.57 -116.67 31.0 0.274 1.79 0.02 6.264 3.504 0.27 96 31 1.79 6.3 3.52 0.27 
