STA       Lat     Lon     Elev   sed-lay1     sed-total        crust thickness
				 (thickness) (thickness)   vp: 6.6   6.6   6.5
							vp/vs: 1.84  1.8   1.73
CCM 	38.000  -91.300  0.2225	   0.6 		0.6    		41.   43.  45.
MM18	38.529  -90.569  0.1856	   1.2		1.2		44.   45.  47.
MM17	38.669  -89.325	 0.1438	   3.0		3.		41.   43.  46.
MM16	38.922  -88.304  0.165	   3.0		3.	 	38.   40.  43.
MM15	39.294  -87.313	 0.1906	   2.3		2.3		 -     -    -
MM14    39.550  -86.387  0.290	   1.5		1.5	 	43.   44.  47.
MM13	39.832  -85.311  0.337	   1.2		1.2	 	37.   38.  40.
MM12	40.044  -84.372  0.305	   1.2		1.2	 	38.   40.  42.
MM11	40.221  -83.195  0.283	   1.8		1.8		 -     -    -
MM10	40.614  -82.303	 0.346	   1.5		2.7		38.   40.  42.
MM09	40.791  -81.206	 0.357	   2.0		3.0	 	 -    47.  49.
MM08	41.109  -80.068	 0.381	   2.0		3.4	 	 -    47.  49.
MM07	41.257  -79.135	 0.518	   2.0		4.2	 	 -    45.  47.
MM06	41.391  -78.126	 0.647	   3.0		5.2	  	 -    43.  44.
MM05    41.651  -76.921	 0.701	   3.0		5.6	  	 -    43.  45.
MM04	41.846  -76.190	 0.473	   3.0		4.7	  	 -    46.  48.
MM03	42.039  -74.846  0.670	   2.0		4.	   	 -    40.  41.
MM02	42.166  -73.719  0.134	   2.0		3.5	  	 -    40.  41.
MM01	42.317  -72.712  0.122	   1.0		6.	   	 -    44.  45.
HRV 	42.507  -71.563  0.180	   2.0		2.	   	 -    29.  30.
