
M8 6.21 3.49 1.78 37 kiloMETER 43.22 1.81 -111.0 43.0 9
M7 6.28 3.53 1.78 35 kiloMETER 36.05 1.74 -119.0 39.0 5
PD 6.24 3.55 1.76 50 kiloMETER 43.03 1.8 -109.0 45.0 24
M2 6.15 3.46 1.78 31 kiloMETER 34.78 1.83 -111.0 41.0 9
G1 6.46 3.66 1.76 37 kiloMETER 43.9 1.84 -91.0 51.0 5
L2 6.44 3.62 1.78 34 kiloMETER 40.11 1.85 -151.0 63.0 11
X5 6.6 3.73 1.77 38 kiloMETER 38.3 1.69 35.0 -5.0 5
K4 6.12 3.45 1.77 32 kiloMETER 29.25 1.9 147.0 -9.0 5
M9 6.29 3.54 1.78 40 kiloMETER 36.01 1.82 -119.0 37.0 39
P4 6.31 3.58 1.76 50 kiloMETER 49.18 1.81 -105.0 41.0 28
Q6 6.48 3.67 1.76 41.5 kiloMETER 40.6 1.78 -109.0 37.0 12
H6 6.52 3.67 1.78 51.5 kiloMETER 47.6 1.81 -109.0 47.0 20
Q1 6.12 3.48 1.76 39 kiloMETER 36.54 1.75 -103.0 31.0 6
T6 6.47 3.62 1.79 32 kiloMETER 43.35 1.72 -73.0 41.0 5
L3 6.6 3.72 1.77 40 kiloMETER 37.8 1.91 -121.0 47.0 5
T6 6.47 3.62 1.79 32 kiloMETER 37.79 1.68 -123.0 39.0 6
PC 6.32 3.59 1.76 45 kiloMETER 42.91 1.77 -105.0 37.0 11
P2 6.23 3.53 1.76 38 kiloMETER 43.14 1.78 -105.0 33.0 14
G1 6.46 3.66 1.76 37 kiloMETER 40.45 1.77 25.0 -25.0 5
X5 6.6 3.73 1.77 38 kiloMETER 37.71 1.86 37.0 -1.0 6
H2 6.62 3.73 1.78 45 kiloMETER 36.27 1.79 -79.0 47.0 12
Q1 6.12 3.48 1.76 39 kiloMETER 41 1.88 -77.0 41.0 5
M5 6.28 3.53 1.78 31 kiloMETER 39.47 1.8 -115.0 31.0 8
L8 6.57 3.71 1.77 34 kiloMETER 40.08 1.8 -123.0 47.0 9
Q2 6.42 3.66 1.75 39 kiloMETER 37.18 1.92 -75.0 43.0 7
M5 6.28 3.53 1.78 31 kiloMETER 30.98 1.76 -117.0 35.0 27
DG 6.56 3.68 1.78 31 kiloMETER 35.5 1.83 -81.0 33.0 10
M1 6.1 3.43 1.78 31 kiloMETER 35.41 1.81 -119.0 35.0 63
S2 6.05 3.34 1.81 24 kiloMETER 27.56 1.73 -119.0 33.0 18
L8 6.57 3.71 1.77 34 kiloMETER 39.38 1.78 -149.0 63.0 21
P6 6.35 3.61 1.76 43 kiloMETER 44.44 1.77 -111.0 45.0 13
Q2 6.42 3.66 1.75 39 kiloMETER 39.2 1.73 -81.0 35.0 5
DC 6.55 3.7 1.77 41 kiloMETER 44 1.8 71.0 53.0 5
H1 6.61 3.73 1.77 40 kiloMETER 42.52 1.73 -79.0 49.0 12
D9 6.5 3.67 1.77 41 kiloMETER 41.83 1.87 -91.0 39.0 6
G1 6.46 3.66 1.76 37 kiloMETER 44.95 1.77 29.0 -23.0 5
K2 6.46 3.66 1.76 35 kiloMETER 47.15 1.71 121.0 23.0 5
R2 6.48 3.69 1.76 65 kiloMETER 64.11 1.72 75.0 35.0 7
P1 6.16 3.51 1.76 46 kiloMETER 48.21 1.8 -107.0 41.0 13
K1 6.29 3.57 1.76 35 kiloMETER 31.04 1.82 121.0 25.0 6
MG 6.26 3.52 1.78 27.5 kiloMETER 33.39 1.79 -117.0 33.0 53
G9 6.46 3.66 1.76 31 kiloMETER 44.3 1.93 39.0 7.0 5
L3 6.6 3.72 1.77 40 kiloMETER 44.4 1.93 -85.0 11.0 12
L8 6.57 3.71 1.77 34 kiloMETER 39.62 1.9 -123.0 45.0 6
M7 6.28 3.53 1.78 35 kiloMETER 38.6 1.8 -117.0 37.0 30
R4 6.49 3.7 1.76 55 kiloMETER 49.83 1.81 75.0 41.0 6
RD 6.51 3.71 1.76 70 kiloMETER 40.8 1.82 89.0 29.0 5
L8 6.57 3.71 1.77 34 kiloMETER 34.92 1.83 -123.0 41.0 6
ME 6.15 3.46 1.78 27.5 kiloMETER 26.27 1.68 -115.0 33.0 14
P4 6.31 3.58 1.76 50 kiloMETER 52.16 1.85 75.0 43.0 8
M5 6.28 3.53 1.78 31 kiloMETER 35.17 1.66 -115.0 35.0 15
S5 5.63 3.09 1.82 28 kiloMETER 39.28 1.88 25.0 35.0 8
S1 6.18 3.42 1.81 23 kiloMETER 31.79 1.81 -121.0 35.0 17
H3 6.58 3.7 1.78 45.5 kiloMETER 41.38 1.79 -113.0 45.0 8
L8 6.57 3.71 1.77 34 kiloMETER 36.25 1.8 -149.0 65.0 5
D6 6.44 3.63 1.78 41 kiloMETER 51.05 1.83 -87.0 39.0 5
Q0 6.16 3.51 1.75 46 kiloMETER 41.02 1.85 -109.0 43.0 14
G1 6.46 3.66 1.76 37 kiloMETER 41.58 1.7 -51.0 67.0 6
B1 4.73 2.3 2.06 16 kiloMETER 22.08 1.77 151.0 -9.0 9
X2 6.5 3.68 1.77 33 kiloMETER 40.73 1.78 -107.0 35.0 16
H7 6.5 3.65 1.78 38 kiloMETER 48.3 1.72 -109.0 35.0 5
L3 6.6 3.72 1.77 40 kiloMETER 44.9 1.79 -121.0 39.0 13
P4 6.31 3.58 1.76 50 kiloMETER 43.2 1.87 77.0 43.0 5
Q3 6.29 3.58 1.76 43 kiloMETER 45.86 1.79 -109.0 39.0 16
R4 6.49 3.7 1.76 55 kiloMETER 48.17 1.71 77.0 41.0 6
T4 6.39 3.57 1.79 32 kiloMETER 34.77 1.7 -121.0 37.0 16
Q4 6.21 3.53 1.76 43 kiloMETER 44.88 1.82 -109.0 41.0 54
L8 6.57 3.71 1.77 34 kiloMETER 38.04 1.81 -121.0 41.0 7
P4 6.31 3.58 1.76 50 kiloMETER 45 2.01 -107.0 39.0 5
