
L3 6.6 3.72 1.77 40 kiloMETER 35.42 1.93 -121.0 45.0 3
H2 6.62 3.73 1.78 45 kiloMETER 36 1.96 27.0 69.0 2
P5 6.13 3.48 1.76 45 kiloMETER 27.75 1.65 -103.0 33.0 2
S6 5.78 3.18 1.82 25.5 kiloMETER 31.12 1.71 15.0 39.0 2
Q2 6.42 3.66 1.75 39 kiloMETER 40.56 1.75 -73.0 43.0 4
SC 5.58 3.07 1.82 27 kiloMETER 30 1.62 -95.0 29.0 2
R5 6.5 3.7 1.76 75 kiloMETER 35.94 1.73 91.0 31.0 4
C2 6.24 3.47 1.8 30 kiloMETER 36.75 1.68 -79.0 33.0 4
M1 6.1 3.43 1.78 31 kiloMETER 27.75 1.68 5.0 45.0 3
M8 6.21 3.49 1.78 37 kiloMETER 43.22 1.81 -111.0 43.0 9
Q2 6.42 3.66 1.75 39 kiloMETER 45.62 2.01 -73.0 45.0 2
K2 6.46 3.66 1.76 35 kiloMETER 30 1.76 173.0 -43.0 2
M7 6.28 3.53 1.78 35 kiloMETER 36.05 1.74 -119.0 39.0 5
Q3 6.29 3.58 1.76 43 kiloMETER 34 2.03 45.0 41.0 2
PD 6.24 3.55 1.76 50 kiloMETER 43.03 1.8 -109.0 45.0 24
Q1 6.12 3.48 1.76 39 kiloMETER 43.12 1.8 -79.0 41.0 2
B0 4.8 2.33 2.06 15.6 kiloMETER 11 2.04 145.0 13.0 2
Q2 6.42 3.66 1.75 39 kiloMETER 31.38 1.81 -77.0 39.0 2
M2 6.15 3.46 1.78 31 kiloMETER 34.78 1.83 -111.0 41.0 9
RA 6.45 3.67 1.76 65 kiloMETER 60 1.66 -69.0 -19.0 2
G1 6.46 3.66 1.76 37 kiloMETER 43.9 1.84 -91.0 51.0 5
G1 6.46 3.66 1.76 37 kiloMETER 37.38 1.73 25.0 -27.0 4
P2 6.23 3.53 1.76 38 kiloMETER 29.5 2.09 31.0 37.0 2
DG 6.56 3.68 1.78 31 kiloMETER 31.88 1.84 -79.0 35.0 2
A0 4.24 1.94 2.19 11.57 kiloMETER 62 2.07 -159.0 -21.0 2
K2 6.46 3.66 1.76 35 kiloMETER 36.81 1.72 171.0 -43.0 4
S1 6.18 3.42 1.81 23 kiloMETER 25.67 1.71 -123.0 37.0 3
Z2 6.58 3.7 1.78 36.5 kiloMETER 36.75 1.71 167.0 69.0 2
S6 5.78 3.18 1.82 25.5 kiloMETER 23.5 1.6 -1.0 37.0 2
M5 6.28 3.53 1.78 31 kiloMETER 32 1.82 17.0 49.0 2
L2 6.44 3.62 1.78 34 kiloMETER 40.11 1.85 -151.0 63.0 11
X2 6.5 3.68 1.77 33 kiloMETER 32.17 1.75 33.0 -9.0 3
T7 6.29 3.51 1.79 32 kiloMETER 27.75 1.74 11.0 79.0 4
X5 6.6 3.73 1.77 38 kiloMETER 38.3 1.69 35.0 -5.0 5
K4 6.12 3.45 1.77 32 kiloMETER 29.25 1.9 147.0 -9.0 5
K2 6.46 3.66 1.76 35 kiloMETER 28 1.75 175.0 -37.0 2
Q2 6.42 3.66 1.75 39 kiloMETER 48.19 1.84 -105.0 35.0 4
G2 6.42 3.64 1.77 39 kiloMETER 39 1.71 -5.0 7.0 2
D9 6.5 3.67 1.77 41 kiloMETER 41.75 1.9 -83.0 41.0 3
A1 4.16 1.9 2.18 12 kiloMETER 58.12 1.8 153.0 -9.0 2
M9 6.29 3.54 1.78 40 kiloMETER 36.01 1.82 -119.0 37.0 39
P4 6.31 3.58 1.76 50 kiloMETER 49.18 1.81 -105.0 41.0 28
Q5 6.28 3.57 1.76 36 kiloMETER 33.62 1.89 -75.0 41.0 2
DC 6.55 3.7 1.77 41 kiloMETER 44.92 1.73 27.0 59.0 3
Z1 6.52 3.66 1.78 37 kiloMETER 39 1.72 147.0 -21.0 2
TH 6.55 3.67 1.79 32 kiloMETER 37.25 1.71 9.0 59.0 2
Q6 6.48 3.67 1.76 41.5 kiloMETER 40.6 1.78 -109.0 37.0 12
L8 6.57 3.71 1.77 34 kiloMETER 40.5 1.88 -145.0 63.0 3
S1 6.18 3.42 1.81 23 kiloMETER 33 1.8 -139.0 59.0 2
H6 6.52 3.67 1.78 51.5 kiloMETER 47.6 1.81 -109.0 47.0 20
DE 6.53 3.68 1.77 46 kiloMETER 44.25 1.85 23.0 55.0 2
B2 4.66 2.27 2.05 16.5 kiloMETER 24.5 1.86 151.0 -11.0 2
FA 6.11 3.44 1.78 40 kiloMETER 36.5 1.72 1.0 -89.0 3
L8 6.57 3.71 1.77 34 kiloMETER 42.25 1.74 -145.0 61.0 3
Q1 6.12 3.48 1.76 39 kiloMETER 36.54 1.75 -103.0 31.0 6
T6 6.47 3.62 1.79 32 kiloMETER 43.35 1.72 -73.0 41.0 5
K2 6.46 3.66 1.76 35 kiloMETER 30.25 2.08 175.0 -41.0 2
I1 6.64 3.76 1.77 43 kiloMETER 46 1.64 29.0 -15.0 2
RA 6.45 3.67 1.76 65 kiloMETER 62.88 1.71 -69.0 -17.0 2
L3 6.6 3.72 1.77 40 kiloMETER 37.8 1.91 -121.0 47.0 5
GE 6.46 3.66 1.76 41.5 kiloMETER 39.25 1.76 33.0 -7.0 2
S1 6.18 3.42 1.81 23 kiloMETER 57.62 1.73 -85.0 9.0 2
T6 6.47 3.62 1.79 32 kiloMETER 37.79 1.68 -123.0 39.0 6
K1 6.29 3.57 1.76 35 kiloMETER 53.42 1.74 173.0 -41.0 3
P6 6.35 3.61 1.76 43 kiloMETER 31.75 1.68 99.0 19.0 2
PC 6.32 3.59 1.76 45 kiloMETER 42.91 1.77 -105.0 37.0 11
P2 6.23 3.53 1.76 38 kiloMETER 43.14 1.78 -105.0 33.0 14
G1 6.46 3.66 1.76 37 kiloMETER 40.45 1.77 25.0 -25.0 5
B7 5.14 2.6 1.98 24.5 kiloMETER 43.75 1.73 -67.0 19.0 2
X5 6.6 3.73 1.77 38 kiloMETER 37.71 1.86 37.0 -1.0 6
H2 6.62 3.73 1.78 45 kiloMETER 36.27 1.79 -79.0 47.0 12
D6 6.44 3.63 1.78 41 kiloMETER 40 1.95 -87.0 37.0 3
Q1 6.12 3.48 1.76 39 kiloMETER 41 1.88 -77.0 41.0 5
M5 6.28 3.53 1.78 31 kiloMETER 32.25 1.68 -111.0 33.0 3
L3 6.6 3.72 1.77 40 kiloMETER 36.25 1.79 -71.0 -41.0 2
IE 6.65 3.76 1.77 36 kiloMETER 38.5 1.74 37.0 -5.0 2
X2 6.5 3.68 1.77 33 kiloMETER 35.17 1.77 37.0 7.0 3
Q2 6.42 3.66 1.75 39 kiloMETER 32 1.63 -71.0 43.0 2
M5 6.28 3.53 1.78 31 kiloMETER 39.47 1.8 -115.0 31.0 8
G1 6.46 3.66 1.76 37 kiloMETER 43.62 1.68 27.0 -21.0 4
L8 6.57 3.71 1.77 34 kiloMETER 42.5 1.78 -147.0 63.0 3
T4 6.39 3.57 1.79 32 kiloMETER 38.81 1.63 35.0 31.0 4
Q2 6.42 3.66 1.75 39 kiloMETER 58 1.67 -79.0 43.0 2
G1 6.46 3.66 1.76 37 kiloMETER 41.88 1.73 25.0 -23.0 2
S1 6.18 3.42 1.81 23 kiloMETER 19.38 1.96 -111.0 27.0 2
B6 5.19 2.63 1.98 24 kiloMETER 46.5 1.78 179.0 -19.0 2
MD 6.19 3.48 1.78 34.5 kiloMETER 44.75 1.81 25.0 45.0 2
PC 6.32 3.59 1.76 45 kiloMETER 41.25 1.71 73.0 43.0 2
L8 6.57 3.71 1.77 34 kiloMETER 40.08 1.8 -123.0 47.0 9
S1 6.18 3.42 1.81 23 kiloMETER 27.25 1.88 167.0 -77.0 2
I7 6.61 3.71 1.78 42 kiloMETER 39.06 1.71 23.0 -29.0 4
D9 6.5 3.67 1.77 41 kiloMETER 29 1.84 -93.0 35.0 2
H3 6.58 3.7 1.78 45.5 kiloMETER 41.62 1.78 -79.0 45.0 2
Q2 6.42 3.66 1.75 39 kiloMETER 37.18 1.92 -75.0 43.0 7
G1 6.46 3.66 1.76 37 kiloMETER 46.94 1.69 27.0 -25.0 4
S3 5.88 3.24 1.82 25.5 kiloMETER 22.25 1.71 -177.0 51.0 2
P4 6.31 3.58 1.76 50 kiloMETER 34.62 1.79 -111.0 47.0 2
D9 6.5 3.67 1.77 41 kiloMETER 34.25 1.77 -57.0 -27.0 2
PJ 6.18 3.5 1.77 55 kiloMETER 46.5 1.72 77.0 39.0 2
ME 6.15 3.46 1.78 27.5 kiloMETER 30.5 1.62 19.0 47.0 4
L8 6.57 3.71 1.77 34 kiloMETER 43.92 1.63 -123.0 49.0 3
DC 6.55 3.7 1.77 41 kiloMETER 35.75 1.87 29.0 51.0 2
M5 6.28 3.53 1.78 31 kiloMETER 30.98 1.76 -117.0 35.0 27
DG 6.56 3.68 1.78 31 kiloMETER 35.5 1.83 -81.0 33.0 10
M1 6.1 3.43 1.78 31 kiloMETER 35.41 1.81 -119.0 35.0 63
S2 6.05 3.34 1.81 24 kiloMETER 27.56 1.73 -119.0 33.0 18
G9 6.46 3.66 1.76 31 kiloMETER 45.75 1.85 117.0 41.0 2
K2 6.46 3.66 1.76 35 kiloMETER 27.5 1.9 169.0 -45.0 2
M5 6.28 3.53 1.78 31 kiloMETER 32 1.66 -7.0 53.0 2
S4 5.74 3.16 1.82 27.5 kiloMETER 32.12 1.78 35.0 33.0 2
PH 6.18 3.5 1.77 46 kiloMETER 44.62 1.89 -107.0 43.0 4
G1 6.46 3.66 1.76 37 kiloMETER 36.75 1.92 33.0 -5.0 2
B0 4.8 2.33 2.06 15.6 kiloMETER 45.88 1.76 -25.0 37.0 2
RC 6.32 3.59 1.76 65 kiloMETER 55.94 1.75 -67.0 -19.0 4
PB 6.25 3.54 1.76 43 kiloMETER 45.62 1.8 -111.0 37.0 4
L8 6.57 3.71 1.77 34 kiloMETER 39.38 1.78 -149.0 63.0 21
B6 5.19 2.63 1.98 24 kiloMETER 31.25 1.9 179.0 -17.0 2
L8 6.57 3.71 1.77 34 kiloMETER 32.08 1.63 -147.0 65.0 3
C3 6.13 3.41 1.8 31 kiloMETER 28.5 1.81 -125.0 47.0 2
G1 6.46 3.66 1.76 37 kiloMETER 36.08 1.73 25.0 -29.0 3
P6 6.35 3.61 1.76 43 kiloMETER 44.44 1.77 -111.0 45.0 13
C4 5.99 3.32 1.81 32 kiloMETER 30.5 1.75 7.0 55.0 2
Q2 6.42 3.66 1.75 39 kiloMETER 39.2 1.73 -81.0 35.0 5
I1 6.64 3.76 1.77 43 kiloMETER 41.81 1.73 31.0 -21.0 4
G1 6.46 3.66 1.76 37 kiloMETER 45.81 1.8 27.0 -23.0 4
RD 6.51 3.71 1.76 70 kiloMETER 40.69 1.74 91.0 29.0 4
DC 6.55 3.7 1.77 41 kiloMETER 44 1.8 71.0 53.0 5
I7 6.61 3.71 1.78 42 kiloMETER 29.92 1.95 23.0 -27.0 3
H1 6.61 3.73 1.77 40 kiloMETER 42.52 1.73 -79.0 49.0 12
J3 6.34 3.54 1.79 33.5 kiloMETER 48 1.76 111.0 -7.0 2
X2 6.5 3.68 1.77 33 kiloMETER 40.25 1.78 -107.0 33.0 2
B5 5.27 2.66 1.98 23.5 kiloMETER 19 1.61 -157.0 21.0 2
D9 6.5 3.67 1.77 41 kiloMETER 41.83 1.87 -91.0 39.0 6
G9 6.46 3.66 1.76 31 kiloMETER 33.75 2.08 39.0 9.0 2
G1 6.46 3.66 1.76 37 kiloMETER 44.95 1.77 29.0 -23.0 5
K2 6.46 3.66 1.76 35 kiloMETER 47.15 1.71 121.0 23.0 5
M5 6.28 3.53 1.78 31 kiloMETER 38.25 1.77 7.0 47.0 2
R2 6.48 3.69 1.76 65 kiloMETER 64.11 1.72 75.0 35.0 7
K2 6.46 3.66 1.76 35 kiloMETER 28 2.07 139.0 37.0 2
M9 6.29 3.54 1.78 40 kiloMETER 42.08 1.69 -115.0 43.0 3
L9 6.19 3.49 1.78 36 kiloMETER 26 1.93 -71.0 9.0 2
P1 6.16 3.51 1.76 46 kiloMETER 48.21 1.8 -107.0 41.0 13
S8 5.55 3.04 1.83 27 kiloMETER 35.75 2.09 23.0 35.0 4
K1 6.29 3.57 1.76 35 kiloMETER 31.04 1.82 121.0 25.0 6
D9 6.5 3.67 1.77 41 kiloMETER 38.5 1.77 45.0 23.0 3
J1 6.47 3.62 1.79 31 kiloMETER 41 1.64 143.0 47.0 2
D6 6.44 3.63 1.78 41 kiloMETER 49.08 1.79 -89.0 39.0 3
MG 6.26 3.52 1.78 27.5 kiloMETER 33.39 1.79 -117.0 33.0 53
R3 6.48 3.68 1.76 70 kiloMETER 41.25 2.07 -69.0 -23.0 2
M5 6.28 3.53 1.78 31 kiloMETER 30.25 1.79 -115.0 41.0 2
L2 6.44 3.62 1.78 34 kiloMETER 42.75 1.76 159.0 53.0 2
G9 6.46 3.66 1.76 31 kiloMETER 44.3 1.93 39.0 7.0 5
L7 6.08 3.41 1.78 26.5 kiloMETER 31.88 1.67 -71.0 -53.0 2
L3 6.6 3.72 1.77 40 kiloMETER 44.4 1.93 -85.0 11.0 12
P1 6.16 3.51 1.76 46 kiloMETER 33.25 1.85 33.0 39.0 2
T6 6.47 3.62 1.79 32 kiloMETER 41 1.7 -53.0 5.0 2
S1 6.18 3.42 1.81 23 kiloMETER 34.25 1.75 -117.0 31.0 2
PE 6.35 3.61 1.76 50 kiloMETER 35.08 1.76 -113.0 47.0 3
H4 6.52 3.66 1.78 46.5 kiloMETER 51.5 1.68 37.0 55.0 3
M3 6.18 3.47 1.78 31 kiloMETER 29.25 1.76 7.0 49.0 3
I7 6.61 3.71 1.78 42 kiloMETER 47 1.74 21.0 -31.0 2
Q2 6.42 3.66 1.75 39 kiloMETER 34.83 1.8 -103.0 29.0 3
DC 6.55 3.7 1.77 41 kiloMETER 41.92 1.75 79.0 51.0 3
L8 6.57 3.71 1.77 34 kiloMETER 39.62 1.9 -123.0 45.0 6
M7 6.28 3.53 1.78 35 kiloMETER 38.6 1.8 -117.0 37.0 30
R4 6.49 3.7 1.76 55 kiloMETER 49.83 1.81 75.0 41.0 6
RD 6.51 3.71 1.76 70 kiloMETER 40.8 1.82 89.0 29.0 5
L8 6.57 3.71 1.77 34 kiloMETER 48.88 1.69 -153.0 63.0 2
D6 6.44 3.63 1.78 41 kiloMETER 39.92 1.68 -89.0 37.0 3
NB 6.24 3.51 1.78 27 kiloMETER 32.62 1.78 161.0 -77.0 4
M3 6.18 3.47 1.78 31 kiloMETER 30.5 1.82 11.0 49.0 2
L8 6.57 3.71 1.77 34 kiloMETER 34.92 1.83 -123.0 41.0 6
D9 6.5 3.67 1.77 41 kiloMETER 46.12 1.73 69.0 53.0 2
DB 6.38 3.59 1.78 41 kiloMETER 37.5 1.86 -89.0 35.0 3
P6 6.35 3.61 1.76 43 kiloMETER 44.33 1.66 -83.0 35.0 3
ME 6.15 3.46 1.78 27.5 kiloMETER 26.27 1.68 -115.0 33.0 14
C3 6.13 3.41 1.8 31 kiloMETER 28.25 1.84 151.0 59.0 4
I1 6.64 3.76 1.77 43 kiloMETER 37.88 1.73 31.0 -19.0 2
M5 6.28 3.53 1.78 31 kiloMETER 31.25 1.69 -7.0 41.0 2
G1 6.46 3.66 1.76 37 kiloMETER 40 1.89 29.0 -21.0 4
P4 6.31 3.58 1.76 50 kiloMETER 52.16 1.85 75.0 43.0 8
M5 6.28 3.53 1.78 31 kiloMETER 35.17 1.66 -115.0 35.0 15
S5 5.63 3.09 1.82 28 kiloMETER 44.5 1.86 27.0 35.0 2
X5 6.6 3.73 1.77 38 kiloMETER 38.83 1.71 37.0 -3.0 3
S5 5.63 3.09 1.82 28 kiloMETER 39.28 1.88 25.0 35.0 8
DC 6.55 3.7 1.77 41 kiloMETER 45.25 1.7 129.0 71.0 4
S1 6.18 3.42 1.81 23 kiloMETER 31.79 1.81 -121.0 35.0 17
P4 6.31 3.58 1.76 50 kiloMETER 45.75 1.84 79.0 43.0 4
B8 5.13 2.68 1.91 20 kiloMETER 20.75 1.73 5.0 39.0 2
Q2 6.42 3.66 1.75 39 kiloMETER 35.12 1.75 -119.0 47.0 2
PB 6.25 3.54 1.76 43 kiloMETER 29.25 1.6 43.0 43.0 2
M5 6.28 3.53 1.78 31 kiloMETER 36.25 1.69 -117.0 39.0 2
G9 6.46 3.66 1.76 31 kiloMETER 41.12 1.8 37.0 11.0 2
P6 6.35 3.61 1.76 43 kiloMETER 56.25 1.88 -75.0 5.0 2
DU 6.57 3.71 1.77 46 kiloMETER 34.17 1.65 81.0 47.0 3
D5 6.48 3.65 1.78 46 kiloMETER 49.17 1.75 -81.0 41.0 3
H3 6.58 3.7 1.78 45.5 kiloMETER 41.38 1.79 -113.0 45.0 8
M5 6.28 3.53 1.78 31 kiloMETER 32.83 1.71 -5.0 39.0 3
L8 6.57 3.71 1.77 34 kiloMETER 36.25 1.8 -149.0 65.0 5
D6 6.44 3.63 1.78 41 kiloMETER 51.05 1.83 -87.0 39.0 5
S4 5.74 3.16 1.82 27.5 kiloMETER 44 1.78 25.0 37.0 3
A0 4.24 1.94 2.19 11.57 kiloMETER 11 1.73 159.0 7.0 2
Q2 6.42 3.66 1.75 39 kiloMETER 41.25 1.7 -75.0 45.0 3
LC 6.52 3.68 1.77 37 kiloMETER 42.67 1.83 -123.0 43.0 3
L8 6.57 3.71 1.77 34 kiloMETER 51.5 1.93 -149.0 61.0 2
T6 6.47 3.62 1.79 32 kiloMETER 26.5 2.06 35.0 29.0 2
B7 5.14 2.6 1.98 24.5 kiloMETER 25.12 1.63 167.0 -23.0 2
Q0 6.16 3.51 1.75 46 kiloMETER 41.02 1.85 -109.0 43.0 14
N3 6.03 3.4 1.78 26.5 kiloMETER 26.12 1.77 -137.0 -83.0 2
A0 4.24 1.94 2.19 11.57 kiloMETER 10 1.86 -159.0 21.0 2
PE 6.35 3.61 1.76 50 kiloMETER 39.58 1.69 79.0 41.0 3
G1 6.46 3.66 1.76 37 kiloMETER 41.58 1.7 -51.0 67.0 6
B1 4.73 2.3 2.06 16 kiloMETER 22.08 1.77 151.0 -9.0 9
X2 6.5 3.68 1.77 33 kiloMETER 40.73 1.78 -107.0 35.0 16
MG 6.26 3.52 1.78 27.5 kiloMETER 26.19 1.71 9.0 49.0 4
DC 6.55 3.7 1.77 41 kiloMETER 48.5 1.79 -65.0 -19.0 3
RC 6.32 3.59 1.76 65 kiloMETER 38.17 1.72 -67.0 -21.0 3
T4 6.39 3.57 1.79 32 kiloMETER 51 1.64 -3.0 35.0 2
H7 6.5 3.65 1.78 38 kiloMETER 48.3 1.72 -109.0 35.0 5
U5 6.43 3.6 1.78 27 kiloMETER 51.58 1.63 -3.0 -71.0 3
L3 6.6 3.72 1.77 40 kiloMETER 44.9 1.79 -121.0 39.0 13
P4 6.31 3.58 1.76 50 kiloMETER 43.2 1.87 77.0 43.0 5
DD 6.27 3.52 1.78 41 kiloMETER 34.75 1.6 129.0 63.0 2
M5 6.28 3.53 1.78 31 kiloMETER 29.25 1.8 -117.0 41.0 2
PE 6.35 3.61 1.76 50 kiloMETER 43 1.84 59.0 51.0 2
I4 6.51 3.65 1.78 39 kiloMETER 37.75 1.71 17.0 -19.0 2
L8 6.57 3.71 1.77 34 kiloMETER 40.25 1.71 -135.0 59.0 2
Q3 6.29 3.58 1.76 43 kiloMETER 45.86 1.79 -109.0 39.0 16
R4 6.49 3.7 1.76 55 kiloMETER 48.17 1.71 77.0 41.0 6
M7 6.28 3.53 1.78 35 kiloMETER 36.42 1.92 -113.0 43.0 3
F4 6.36 3.6 1.77 38.5 kiloMETER 41.25 1.64 111.0 -67.0 2
P6 6.35 3.61 1.76 43 kiloMETER 25 2.1 11.0 47.0 2
B6 5.19 2.63 1.98 24 kiloMETER 35.75 1.86 -23.0 65.0 4
M1 6.1 3.43 1.78 31 kiloMETER 25.5 2.08 13.0 55.0 2
T4 6.39 3.57 1.79 32 kiloMETER 34.77 1.7 -121.0 37.0 16
Q4 6.21 3.53 1.76 43 kiloMETER 44.88 1.82 -109.0 41.0 54
L8 6.57 3.71 1.77 34 kiloMETER 38.04 1.81 -121.0 41.0 7
T4 6.39 3.57 1.79 32 kiloMETER 36.25 1.99 -7.0 37.0 3
G2 6.42 3.64 1.77 39 kiloMETER 40.25 1.8 117.0 -33.0 2
P4 6.31 3.58 1.76 50 kiloMETER 45 2.01 -107.0 39.0 5
M5 6.28 3.53 1.78 31 kiloMETER 37.38 1.86 -113.0 31.0 2
