B0 4.8 2.33 2.06 15.6  11.5 1.61 -157.0 3.0 1
L3 6.6 3.72 1.77 40  35.42 1.93 -121.0 45.0 3
H2 6.62 3.73 1.78 45  36 1.96 27.0 69.0 2
D5 6.48 3.65 1.78 46  40.75 1.93 -83.0 43.0 1
M8 6.21 3.49 1.78 37  49 1.72 -111.0 39.0 1
P5 6.13 3.48 1.76 45  27.75 1.65 -103.0 33.0 2
S6 5.78 3.18 1.82 25.5  31.12 1.71 15.0 39.0 2
Q2 6.42 3.66 1.75 39  40.56 1.75 -73.0 43.0 4
D5 6.48 3.65 1.78 46  45 1.78 -99.0 39.0 1
SC 5.58 3.07 1.82 27  30 1.62 -95.0 29.0 2
R5 6.5 3.7 1.76 75  35.94 1.73 91.0 31.0 4
C2 6.24 3.47 1.8 30  36.75 1.68 -79.0 33.0 4
M1 6.1 3.43 1.78 31  27.75 1.68 5.0 45.0 3
B1 4.73 2.3 2.06 16  21 1.9 -55.0 -61.0 1
M8 6.21 3.49 1.78 37  43.22 1.81 -111.0 43.0 9
Q2 6.42 3.66 1.75 39  45.62 2.01 -73.0 45.0 2
C7 5.82 3.22 1.81 32  49 1.8 -89.0 21.0 1
K2 6.46 3.66 1.76 35  30 1.76 173.0 -43.0 2
S1 6.18 3.42 1.81 23  18 1.95 159.0 -9.0 1
M8 6.21 3.49 1.78 37  44 1.89 -111.0 35.0 1
M7 6.28 3.53 1.78 35  36.05 1.74 -119.0 39.0 5
Q3 6.29 3.58 1.76 43  34 2.03 45.0 41.0 2
PD 6.24 3.55 1.76 50  43.03 1.8 -109.0 45.0 24
Q1 6.12 3.48 1.76 39  43.12 1.8 -79.0 41.0 2
B0 4.8 2.33 2.06 15.6  11 2.04 145.0 13.0 2
Q2 6.42 3.66 1.75 39  31.38 1.81 -77.0 39.0 2
T6 6.47 3.62 1.79 32  30 1.77 119.0 25.0 1
M2 6.15 3.46 1.78 31  34.78 1.83 -111.0 41.0 9
RA 6.45 3.67 1.76 65  60 1.66 -69.0 -19.0 2
Q9 6.57 3.73 1.76 41  35.25 1.73 -117.0 49.0 1
G1 6.46 3.66 1.76 37  43.9 1.84 -91.0 51.0 5
G1 6.46 3.66 1.76 37  37.38 1.73 25.0 -27.0 4
P2 6.23 3.53 1.76 38  29.5 2.09 31.0 37.0 2
DG 6.56 3.68 1.78 31  31.88 1.84 -79.0 35.0 2
A0 4.24 1.94 2.19 11.57  62 2.07 -159.0 -21.0 2
DE 6.53 3.68 1.77 46  40.25 1.75 59.0 37.0 1
K2 6.46 3.66 1.76 35  36.81 1.72 171.0 -43.0 4
S1 6.18 3.42 1.81 23  25.67 1.71 -123.0 37.0 3
Z2 6.58 3.7 1.78 36.5  36.75 1.71 167.0 69.0 2
S6 5.78 3.18 1.82 25.5  23.5 1.6 -1.0 37.0 2
M5 6.28 3.53 1.78 31  32 1.82 17.0 49.0 2
L2 6.44 3.62 1.78 34  40.11 1.85 -151.0 63.0 11
X2 6.5 3.68 1.77 33  32.17 1.75 33.0 -9.0 3
T7 6.29 3.51 1.79 32  27.75 1.74 11.0 79.0 4
X5 6.6 3.73 1.77 38  38.3 1.69 35.0 -5.0 5
K4 6.12 3.45 1.77 32  29.25 1.9 147.0 -9.0 5
P6 6.35 3.61 1.76 43  32.75 1.76 -57.0 49.0 1
S3 5.88 3.24 1.82 25.5  22 1.95 3.0 37.0 1
G1 6.46 3.66 1.76 37  31.75 1.74 127.0 37.0 1
U9 6.51 3.64 1.79 27  38.5 1.68 39.0 -69.0 1
L8 6.57 3.71 1.77 34  35.5 1.62 -151.0 65.0 1
K2 6.46 3.66 1.76 35  28 1.75 175.0 -37.0 2
Q2 6.42 3.66 1.75 39  48.19 1.84 -105.0 35.0 4
G2 6.42 3.64 1.77 39  39 1.71 -5.0 7.0 2
PA 6.42 3.64 1.76 38  25.75 1.96 9.0 47.0 1
A0 4.24 1.94 2.19 11.57  23.25 1.88 179.0 9.0 1
D9 6.5 3.67 1.77 41  41.75 1.9 -83.0 41.0 3
A1 4.16 1.9 2.18 12  58.12 1.8 153.0 -9.0 2
Z2 6.58 3.7 1.78 36.5  41.25 1.65 -151.0 67.0 1
M9 6.29 3.54 1.78 40  36.01 1.82 -119.0 37.0 39
P4 6.31 3.58 1.76 50  49.18 1.81 -105.0 41.0 28
M7 6.28 3.53 1.78 35  33.75 1.72 -119.0 43.0 1
Q5 6.28 3.57 1.76 36  33.62 1.89 -75.0 41.0 2
S4 5.74 3.16 1.82 27.5  39.75 1.96 15.0 37.0 1
R5 6.5 3.7 1.76 75  55.5 2 89.0 31.0 1
DC 6.55 3.7 1.77 41  44.92 1.73 27.0 59.0 3
Z1 6.52 3.66 1.78 37  39 1.72 147.0 -21.0 2
T6 6.47 3.62 1.79 32  28.5 1.78 -133.0 55.0 1
TH 6.55 3.67 1.79 32  37.25 1.71 9.0 59.0 2
Q6 6.48 3.67 1.76 41.5  40.6 1.78 -109.0 37.0 12
M5 6.28 3.53 1.78 31  32.25 1.75 121.0 31.0 1
S6 5.78 3.18 1.82 25.5  61 1.62 33.0 35.0 1
L8 6.57 3.71 1.77 34  40.5 1.88 -145.0 63.0 3
A0 4.24 1.94 2.19 11.57  12 1.6 -15.0 -7.0 1
S1 6.18 3.42 1.81 23  33 1.8 -139.0 59.0 2
H6 6.52 3.67 1.78 51.5  47.6 1.81 -109.0 47.0 20
DE 6.53 3.68 1.77 46  44.25 1.85 23.0 55.0 2
H3 6.58 3.7 1.78 45.5  39.5 1.8 -77.0 45.0 1
B2 4.66 2.27 2.05 16.5  24.5 1.86 151.0 -11.0 2
FA 6.11 3.44 1.78 40  36.5 1.72 1.0 -89.0 3
L8 6.57 3.71 1.77 34  42.25 1.74 -145.0 61.0 3
Q1 6.12 3.48 1.76 39  36.54 1.75 -103.0 31.0 6
PD 6.24 3.55 1.76 50  43.25 1.88 79.0 39.0 1
F7 6.26 3.54 1.77 40  25 1.6 -39.0 73.0 1
S0 6.32 3.5 1.8 22.25  18.25 1.62 165.0 -75.0 1
M3 6.18 3.47 1.78 31  43.5 1.6 -115.0 29.0 1
I4 6.51 3.65 1.78 39  31 2.07 21.0 -33.0 1
IE 6.65 3.76 1.77 36  37.5 1.74 35.0 -7.0 1
D9 6.5 3.67 1.77 41  30.75 2.06 -85.0 39.0 1
B5 5.27 2.66 1.98 23.5  55.5 1.66 73.0 -7.0 1
J1 6.47 3.62 1.79 31  65.75 1.62 121.0 17.0 1
DC 6.55 3.7 1.77 41  41.5 1.75 83.0 55.0 1
M5 6.28 3.53 1.78 31  27.5 1.84 -113.0 27.0 1
T6 6.47 3.62 1.79 32  43.35 1.72 -73.0 41.0 5
S1 6.18 3.42 1.81 23  42.5 1.6 -57.0 -63.0 1
K2 6.46 3.66 1.76 35  30.25 2.08 175.0 -41.0 2
PA 6.42 3.64 1.76 38  51.75 1.74 7.0 45.0 1
I1 6.64 3.76 1.77 43  46 1.64 29.0 -15.0 2
RA 6.45 3.67 1.76 65  62.88 1.71 -69.0 -17.0 2
P6 6.35 3.61 1.76 43  38.5 1.97 73.0 45.0 1
L3 6.6 3.72 1.77 40  37.8 1.91 -121.0 47.0 5
P6 6.35 3.61 1.76 43  52 1.74 -85.0 35.0 1
I1 6.64 3.76 1.77 43  42.75 1.7 21.0 -29.0 1
GE 6.46 3.66 1.76 41.5  39.25 1.76 33.0 -7.0 2
S1 6.18 3.42 1.81 23  57.62 1.73 -85.0 9.0 2
J3 6.34 3.54 1.79 33.5  37.5 1.82 119.0 -5.0 1
DE 6.53 3.68 1.77 46  34.25 1.98 -91.0 43.0 1
T6 6.47 3.62 1.79 32  37.79 1.68 -123.0 39.0 6
A0 4.24 1.94 2.19 11.57  15.25 1.6 -131.0 -25.0 1
K1 6.29 3.57 1.76 35  53.42 1.74 173.0 -41.0 3
T6 6.47 3.62 1.79 32  50.75 1.61 -79.0 1.0 1
D9 6.5 3.67 1.77 41  39.25 1.82 -85.0 41.0 1
D9 6.5 3.67 1.77 41  41.25 1.8 -67.0 -11.0 1
RB 6.5 3.7 1.76 60  64 1.69 73.0 37.0 1
P6 6.35 3.61 1.76 43  31.75 1.68 99.0 19.0 2
A8 4.05 1.96 2.06 18.5  23.75 1.74 15.0 35.0 1
X1 6.36 3.59 1.77 33  54.25 2.09 -105.0 31.0 1
PC 6.32 3.59 1.76 45  42.91 1.77 -105.0 37.0 11
P1 6.16 3.51 1.76 46  32.5 2.06 -79.0 39.0 1
P2 6.23 3.53 1.76 38  43.14 1.78 -105.0 33.0 14
A0 4.24 1.94 2.19 11.57  15.75 1.8 -177.0 29.0 1
G1 6.46 3.66 1.76 37  40.45 1.77 25.0 -25.0 5
B7 5.14 2.6 1.98 24.5  43.75 1.73 -67.0 19.0 2
X5 6.6 3.73 1.77 38  37.71 1.86 37.0 -1.0 6
H2 6.62 3.73 1.78 45  36.27 1.79 -79.0 47.0 12
D6 6.44 3.63 1.78 41  40 1.95 -87.0 37.0 3
Q1 6.12 3.48 1.76 39  41 1.88 -77.0 41.0 5
PH 6.18 3.5 1.77 46  27.75 2.1 -107.0 45.0 1
A1 4.16 1.9 2.18 12  14 1.71 161.0 -45.0 1
S2 6.05 3.34 1.81 24  19 1.99 -125.0 41.0 1
M5 6.28 3.53 1.78 31  32.25 1.68 -111.0 33.0 3
I1 6.64 3.76 1.77 43  37 1.75 43.0 23.0 1
L3 6.6 3.72 1.77 40  36.25 1.79 -71.0 -41.0 2
IE 6.65 3.76 1.77 36  38.5 1.74 37.0 -5.0 2
Z7 6.48 3.64 1.78 30  32.75 1.71 147.0 -43.0 1
X2 6.5 3.68 1.77 33  35.17 1.77 37.0 7.0 3
Q2 6.42 3.66 1.75 39  32 1.63 -71.0 43.0 2
J3 6.34 3.54 1.79 33.5  35.5 1.6 121.0 15.0 1
P4 6.31 3.58 1.76 50  48 1.65 73.0 41.0 1
D6 6.44 3.63 1.78 41  41.5 1.83 47.0 25.0 1
M5 6.28 3.53 1.78 31  39.47 1.8 -115.0 31.0 8
G1 6.46 3.66 1.76 37  43.62 1.68 27.0 -21.0 4
L8 6.57 3.71 1.77 34  42.5 1.78 -147.0 63.0 3
M8 6.21 3.49 1.78 37  38.75 1.82 13.0 45.0 1
G0 6.37 3.61 1.77 39  29 1.61 -95.0 75.0 1
T4 6.39 3.57 1.79 32  38.81 1.63 35.0 31.0 4
Q2 6.42 3.66 1.75 39  58 1.67 -79.0 43.0 2
M1 6.1 3.43 1.78 31  35.25 1.6 7.0 53.0 1
M5 6.28 3.53 1.78 31  32.5 1.76 5.0 51.0 1
H5 6.44 3.61 1.78 48  69.25 1.63 -105.0 49.0 1
G1 6.46 3.66 1.76 37  41.88 1.73 25.0 -23.0 2
B0 4.8 2.33 2.06 15.6  33.25 1.87 77.0 -37.0 1
DM 6.06 3.41 1.78 34  30.75 1.83 -91.0 31.0 1
I7 6.61 3.71 1.78 42  35.25 1.67 23.0 -25.0 1
D9 6.5 3.67 1.77 41  39.75 2.03 -59.0 -1.0 1
S1 6.18 3.42 1.81 23  19.38 1.96 -111.0 27.0 2
B6 5.19 2.63 1.98 24  46.5 1.78 179.0 -19.0 2
I1 6.64 3.76 1.77 43  37.75 1.74 43.0 25.0 1
T4 6.39 3.57 1.79 32  66 1.81 -3.0 37.0 1
MD 6.19 3.48 1.78 34.5  44.75 1.81 25.0 45.0 2
S2 6.05 3.34 1.81 24  26.25 1.88 -125.0 43.0 1
Q2 6.42 3.66 1.75 39  36.25 1.85 -71.0 45.0 1
A2 4.08 1.87 2.18 12.5  13.25 1.71 -23.0 15.0 1
PC 6.32 3.59 1.76 45  41.25 1.71 73.0 43.0 2
C4 5.99 3.32 1.81 32  26.75 1.72 27.0 37.0 1
PC 6.32 3.59 1.76 45  42.5 1.71 71.0 43.0 1
L8 6.57 3.71 1.77 34  40.08 1.8 -123.0 47.0 9
M1 6.1 3.43 1.78 31  30.5 1.75 17.0 39.0 1
S1 6.18 3.42 1.81 23  27.25 1.88 167.0 -77.0 2
I7 6.61 3.71 1.78 42  39.06 1.71 23.0 -29.0 4
D9 6.5 3.67 1.77 41  29 1.84 -93.0 35.0 2
H3 6.58 3.7 1.78 45.5  41.62 1.78 -79.0 45.0 2
A0 4.24 1.94 2.19 11.57  58.25 1.72 -31.0 39.0 1
Q2 6.42 3.66 1.75 39  37.18 1.92 -75.0 43.0 7
G1 6.46 3.66 1.76 37  46.94 1.69 27.0 -25.0 4
S3 5.88 3.24 1.82 25.5  22.25 1.71 -177.0 51.0 2
I2 6.58 3.69 1.78 38  50.25 1.62 23.0 -31.0 1
A0 4.24 1.94 2.19 11.57  63 1.62 -169.0 -19.0 1
P4 6.31 3.58 1.76 50  34.62 1.79 -111.0 47.0 2
T4 6.39 3.57 1.79 32  27.75 1.74 1.0 41.0 1
RB 6.5 3.7 1.76 60  25 1.68 73.0 35.0 1
D9 6.5 3.67 1.77 41  34.25 1.77 -57.0 -27.0 2
GE 6.46 3.66 1.76 41.5  40 1.74 31.0 -5.0 1
S1 6.18 3.42 1.81 23  30.5 1.92 19.0 -35.0 1
PJ 6.18 3.5 1.77 55  46.5 1.72 77.0 39.0 2
ME 6.15 3.46 1.78 27.5  30.5 1.62 19.0 47.0 4
L8 6.57 3.71 1.77 34  43.92 1.63 -123.0 49.0 3
DC 6.55 3.7 1.77 41  35.75 1.87 29.0 51.0 2
C6 5.78 3.19 1.81 32  31.5 1.68 -19.0 77.0 1
T6 6.47 3.62 1.79 32  35.25 1.6 -69.0 -55.0 1
K2 6.46 3.66 1.76 35  26 1.82 137.0 35.0 1
M5 6.28 3.53 1.78 31  30.98 1.76 -117.0 35.0 27
K2 6.46 3.66 1.76 35  39.75 1.68 175.0 -39.0 1
GG 6.17 3.48 1.77 35  42.75 1.6 -133.0 69.0 1
ME 6.15 3.46 1.78 27.5  25.25 1.74 -109.0 27.0 1
MG 6.26 3.52 1.78 27.5  52 2.04 -107.0 25.0 1
S1 6.18 3.42 1.81 23  55.75 1.6 169.0 -47.0 1
C2 6.24 3.47 1.8 30  25.75 2.06 -171.0 57.0 1
T4 6.39 3.57 1.79 32  27 2.05 -35.0 -5.0 1
Q6 6.48 3.67 1.76 41.5  43.25 2.07 -77.0 43.0 1
DG 6.56 3.68 1.78 31  35.5 1.83 -81.0 33.0 10
PD 6.24 3.55 1.76 50  45.75 2.09 -105.0 45.0 1
M1 6.1 3.43 1.78 31  35.41 1.81 -119.0 35.0 63
H0 6.64 3.74 1.78 50  49 1.71 135.0 -19.0 1
S2 6.05 3.34 1.81 24  27.56 1.73 -119.0 33.0 18
G9 6.46 3.66 1.76 31  45.75 1.85 117.0 41.0 2
K2 6.46 3.66 1.76 35  27.5 1.9 169.0 -45.0 2
M5 6.28 3.53 1.78 31  32 1.66 -7.0 53.0 2
S4 5.74 3.16 1.82 27.5  32.12 1.78 35.0 33.0 2
PH 6.18 3.5 1.77 46  44.62 1.89 -107.0 43.0 4
A0 4.24 1.94 2.19 11.57  17.5 1.63 97.0 -13.0 1
L3 6.6 3.72 1.77 40  42.25 1.96 -99.0 19.0 1
TH 6.55 3.67 1.79 32  40 1.66 81.0 7.0 1
M4 6.12 3.44 1.78 35  34.5 1.8 29.0 45.0 1
P6 6.35 3.61 1.76 43  31 1.98 39.0 39.0 1
M1 6.1 3.43 1.78 31  28.25 2.04 15.0 41.0 1
A0 4.24 1.94 2.19 11.57  13.5 1.72 -171.0 -13.0 1
G1 6.46 3.66 1.76 37  36.75 1.92 33.0 -5.0 2
B0 4.8 2.33 2.06 15.6  45.88 1.76 -25.0 37.0 2
RC 6.32 3.59 1.76 65  55.94 1.75 -67.0 -19.0 4
PB 6.25 3.54 1.76 43  45.62 1.8 -111.0 37.0 4
B6 5.19 2.63 1.98 24  20.75 1.96 -21.0 65.0 1
X4 6.37 3.6 1.77 17  13.75 1.6 41.0 11.0 1
L8 6.57 3.71 1.77 34  39.38 1.78 -149.0 63.0 21
B6 5.19 2.63 1.98 24  31.25 1.9 179.0 -17.0 2
G1 6.46 3.66 1.76 37  38.75 1.74 27.0 -27.0 1
P1 6.16 3.51 1.76 46  49 1.6 -105.0 39.0 1
L8 6.57 3.71 1.77 34  32.08 1.63 -147.0 65.0 3
C3 6.13 3.41 1.8 31  28.5 1.81 -125.0 47.0 2
G3 6.31 3.57 1.77 41  38 1.73 109.0 35.0 1
G1 6.46 3.66 1.76 37  36.08 1.73 25.0 -29.0 3
GF 6.41 3.63 1.76 43.5  43.25 1.76 29.0 -5.0 1
M5 6.28 3.53 1.78 31  37 1.73 -115.0 39.0 1
P6 6.35 3.61 1.76 43  44.44 1.77 -111.0 45.0 13
A1 4.16 1.9 2.18 12  12.25 1.81 163.0 5.0 1
G1 6.46 3.66 1.76 37  48.75 1.66 29.0 -25.0 1
I1 6.64 3.76 1.77 43  38.5 1.74 43.0 21.0 1
C4 5.99 3.32 1.81 32  30.5 1.75 7.0 55.0 2
Q2 6.42 3.66 1.75 39  39.2 1.73 -81.0 35.0 5
I1 6.64 3.76 1.77 43  41.81 1.73 31.0 -21.0 4
G1 6.46 3.66 1.76 37  45.81 1.8 27.0 -23.0 4
RD 6.51 3.71 1.76 70  40.69 1.74 91.0 29.0 4
DC 6.55 3.7 1.77 41  44 1.8 71.0 53.0 5
A4 3.94 1.82 2.16 14.5  35.75 1.65 -167.0 53.0 1
PD 6.24 3.55 1.76 50  51.25 1.83 73.0 33.0 1
I7 6.61 3.71 1.78 42  29.92 1.95 23.0 -27.0 3
H1 6.61 3.73 1.77 40  42.52 1.73 -79.0 49.0 12
I1 6.64 3.76 1.77 43  49 1.73 107.0 47.0 1
I1 6.64 3.76 1.77 43  41.25 1.72 31.0 -23.0 1
J3 6.34 3.54 1.79 33.5  48 1.76 111.0 -7.0 2
M5 6.28 3.53 1.78 31  30.75 1.73 21.0 45.0 1
DF 6.69 3.76 1.78 50  50.75 1.76 83.0 47.0 1
X2 6.5 3.68 1.77 33  40.25 1.78 -107.0 33.0 2
B5 5.27 2.66 1.98 23.5  19 1.61 -157.0 21.0 2
D9 6.5 3.67 1.77 41  41.83 1.87 -91.0 39.0 6
F3 6.39 3.62 1.77 38  55 1.63 141.0 -67.0 1
G9 6.46 3.66 1.76 31  33.75 2.08 39.0 9.0 2
G1 6.46 3.66 1.76 37  44.95 1.77 29.0 -23.0 5
A0 4.24 1.94 2.19 11.57  11.5 1.61 -109.0 -27.0 1
B2 4.66 2.27 2.05 16.5  12.75 1.62 -17.0 29.0 1
K2 6.46 3.66 1.76 35  47.15 1.71 121.0 23.0 5
GH 6.4 3.63 1.76 35  47.5 2.08 37.0 9.0 1
M5 6.28 3.53 1.78 31  38.25 1.77 7.0 47.0 2
L3 6.6 3.72 1.77 40  29.25 1.91 -121.0 51.0 1
B2 4.66 2.27 2.05 16.5  17.5 2.07 173.0 53.0 1
B6 5.19 2.63 1.98 24  68.75 2.06 177.0 -17.0 1
Z2 6.58 3.7 1.78 36.5  35.5 1.74 119.0 49.0 1
B0 4.8 2.33 2.06 15.6  13.75 1.75 51.0 -47.0 1
R2 6.48 3.69 1.76 65  64.11 1.72 75.0 35.0 7
T7 6.29 3.51 1.79 32  41.5 1.65 -63.0 83.0 1
B1 4.73 2.3 2.06 16  13 2.1 -37.0 -55.0 1
M5 6.28 3.53 1.78 31  35 1.74 -113.0 39.0 1
T6 6.47 3.62 1.79 32  52.5 1.64 -9.0 39.0 1
K2 6.46 3.66 1.76 35  28 2.07 139.0 37.0 2
M9 6.29 3.54 1.78 40  42.08 1.69 -115.0 43.0 3
PB 6.25 3.54 1.76 43  44.75 1.77 103.0 25.0 1
L8 6.57 3.71 1.77 34  69 1.63 -123.0 51.0 1
L9 6.19 3.49 1.78 36  26 1.93 -71.0 9.0 2
X4 6.37 3.6 1.77 17  24.5 1.82 43.0 11.0 1
B1 4.73 2.3 2.06 16  12.5 1.6 55.0 -21.0 1
P1 6.16 3.51 1.76 46  48.21 1.8 -107.0 41.0 13
S8 5.55 3.04 1.83 27  35.75 2.09 23.0 35.0 4
L3 6.6 3.72 1.77 40  31.25 1.84 -85.0 13.0 1
DE 6.53 3.68 1.77 46  41.25 2.1 -91.0 37.0 1
K1 6.29 3.57 1.76 35  31.04 1.82 121.0 25.0 6
M5 6.28 3.53 1.78 31  30 1.8 -3.0 55.0 1
C2 6.24 3.47 1.8 30  34 1.6 141.0 37.0 1
D9 6.5 3.67 1.77 41  38.5 1.77 45.0 23.0 3
J1 6.47 3.62 1.79 31  41 1.64 143.0 47.0 2
D6 6.44 3.63 1.78 41  49.08 1.79 -89.0 39.0 3
MG 6.26 3.52 1.78 27.5  33.39 1.79 -117.0 33.0 53
TH 6.55 3.67 1.79 32  58.5 2.01 -15.0 65.0 1
MD 6.19 3.48 1.78 34.5  27.5 1.8 17.0 51.0 1
C2 6.24 3.47 1.8 30  26.75 1.6 103.0 1.0 1
T4 6.39 3.57 1.79 32  38.5 1.6 -119.0 77.0 1
R3 6.48 3.68 1.76 70  41.25 2.07 -69.0 -23.0 2
D8 6.43 3.61 1.78 46  34.75 2.06 -101.0 35.0 1
MD 6.19 3.48 1.78 34.5  29.5 1.75 -113.0 37.0 1
B0 4.8 2.33 2.06 15.6  16 1.91 -179.0 -19.0 1
S1 6.18 3.42 1.81 23  33 1.66 9.0 39.0 1
M5 6.28 3.53 1.78 31  30.25 1.79 -115.0 41.0 2
N3 6.03 3.4 1.78 26.5  60 1.68 -143.0 -83.0 1
K2 6.46 3.66 1.76 35  45 1.87 143.0 43.0 1
M5 6.28 3.53 1.78 31  27.25 1.8 -109.0 29.0 1
L2 6.44 3.62 1.78 34  42.75 1.76 159.0 53.0 2
S1 6.18 3.42 1.81 23  27 1.85 -65.0 -65.0 1
OF 6.19 3.52 1.76 40  27.5 1.79 145.0 -89.0 1
G9 6.46 3.66 1.76 31  44.3 1.93 39.0 7.0 5
L7 6.08 3.41 1.78 26.5  31.88 1.67 -71.0 -53.0 2
H5 6.44 3.61 1.78 48  49.75 1.87 -107.0 47.0 1
L3 6.6 3.72 1.77 40  44.4 1.93 -85.0 11.0 12
M5 6.28 3.53 1.78 31  35.25 1.62 -115.0 37.0 1
D4 6.32 3.55 1.78 46  32 1.88 89.0 69.0 1
P1 6.16 3.51 1.76 46  33.25 1.85 33.0 39.0 2
T6 6.47 3.62 1.79 32  41 1.7 -53.0 5.0 2
S1 6.18 3.42 1.81 23  34.25 1.75 -117.0 31.0 2
DG 6.56 3.68 1.78 31  27 1.61 -83.0 33.0 1
C4 5.99 3.32 1.81 32  64 1.66 -165.0 55.0 1
PE 6.35 3.61 1.76 50  35.08 1.76 -113.0 47.0 3
H4 6.52 3.66 1.78 46.5  51.5 1.68 37.0 55.0 3
G1 6.46 3.66 1.76 37  36.5 1.86 129.0 45.0 1
A0 4.24 1.94 2.19 11.57  13.75 1.6 167.0 19.0 1
M3 6.18 3.47 1.78 31  29.25 1.76 7.0 49.0 3
C3 6.13 3.41 1.8 31  48.75 1.76 -81.0 29.0 1
I7 6.61 3.71 1.78 42  47 1.74 21.0 -31.0 2
MG 6.26 3.52 1.78 27.5  28.75 1.76 19.0 45.0 1
G2 6.42 3.64 1.77 39  42 1.71 -49.0 -15.0 1
IE 6.65 3.76 1.77 36  38.75 1.74 41.0 21.0 1
Q2 6.42 3.66 1.75 39  34.83 1.8 -103.0 29.0 3
C2 6.24 3.47 1.8 30  30.75 1.77 -171.0 63.0 1
H1 6.61 3.73 1.77 40  49 1.83 -67.0 55.0 1
DC 6.55 3.7 1.77 41  41.92 1.75 79.0 51.0 3
L8 6.57 3.71 1.77 34  39.62 1.9 -123.0 45.0 6
DG 6.56 3.68 1.78 31  45.5 1.77 -87.0 33.0 1
N3 6.03 3.4 1.78 26.5  56 1.7 -147.0 -83.0 1
P4 6.31 3.58 1.76 50  69.75 1.79 89.0 39.0 1
MB 5.97 3.35 1.78 41  36.75 2.06 19.0 41.0 1
M7 6.28 3.53 1.78 35  38.6 1.8 -117.0 37.0 30
A0 4.24 1.94 2.19 11.57  13.75 1.6 143.0 27.0 1
R4 6.49 3.7 1.76 55  49.83 1.81 75.0 41.0 6
R3 6.48 3.68 1.76 70  53 2.1 -69.0 -21.0 1
A0 4.24 1.94 2.19 11.57  11.75 2.1 151.0 7.0 1
RD 6.51 3.71 1.76 70  40.8 1.82 89.0 29.0 5
L8 6.57 3.71 1.77 34  48.88 1.69 -153.0 63.0 2
D6 6.44 3.63 1.78 41  39.92 1.68 -89.0 37.0 3
Z2 6.58 3.7 1.78 36.5  37.25 1.86 153.0 63.0 1
D5 6.48 3.65 1.78 46  42.75 1.79 -97.0 39.0 1
NB 6.24 3.51 1.78 27  32.62 1.78 161.0 -77.0 4
M3 6.18 3.47 1.78 31  30.5 1.82 11.0 49.0 2
L8 6.57 3.71 1.77 34  34.92 1.83 -123.0 41.0 6
C1 6.31 3.51 1.8 29.5  30.5 1.8 -167.0 65.0 1
D9 6.5 3.67 1.77 41  46.12 1.73 69.0 53.0 2
DB 6.38 3.59 1.78 41  37.5 1.86 -89.0 35.0 3
G1 6.46 3.66 1.76 37  33.25 1.73 79.0 17.0 1
P6 6.35 3.61 1.76 43  44.33 1.66 -83.0 35.0 3
ME 6.15 3.46 1.78 27.5  26.27 1.68 -115.0 33.0 14
J1 6.47 3.62 1.79 31  27 1.67 99.0 3.0 1
C3 6.13 3.41 1.8 31  28.25 1.84 151.0 59.0 4
I1 6.64 3.76 1.77 43  37.88 1.73 31.0 -19.0 2
M5 6.28 3.53 1.78 31  31.25 1.69 -7.0 41.0 2
G1 6.46 3.66 1.76 37  40 1.89 29.0 -21.0 4
S1 6.18 3.42 1.81 23  18.5 2.08 -109.0 23.0 1
C3 6.13 3.41 1.8 31  34.25 1.9 -153.0 57.0 1
P4 6.31 3.58 1.76 50  52.16 1.85 75.0 43.0 8
M5 6.28 3.53 1.78 31  35.17 1.66 -115.0 35.0 15
C4 5.99 3.32 1.81 32  41.25 2.1 -161.0 55.0 1
S5 5.63 3.09 1.82 28  44.5 1.86 27.0 35.0 2
P1 6.16 3.51 1.76 46  45.25 1.83 -81.0 37.0 1
M2 6.15 3.46 1.78 31  28.25 1.79 11.0 45.0 1
X5 6.6 3.73 1.77 38  38.83 1.71 37.0 -3.0 3
S5 5.63 3.09 1.82 28  39.28 1.88 25.0 35.0 8
DC 6.55 3.7 1.77 41  45.25 1.7 129.0 71.0 4
I1 6.64 3.76 1.77 43  42.5 1.71 19.0 5.0 1
S1 6.18 3.42 1.81 23  27 2.1 -59.0 -63.0 1
I2 6.58 3.69 1.78 38  50.75 1.71 13.0 -1.0 1
S1 6.18 3.42 1.81 23  31.79 1.81 -121.0 35.0 17
DR 6.57 3.69 1.78 36  31.25 2.01 9.0 35.0 1
P4 6.31 3.58 1.76 50  45.75 1.84 79.0 43.0 4
IE 6.65 3.76 1.77 36  32.75 1.82 -7.0 33.0 1
DC 6.55 3.7 1.77 41  33.75 1.62 31.0 59.0 1
B8 5.13 2.68 1.91 20  20.75 1.73 5.0 39.0 2
M3 6.18 3.47 1.78 31  31.5 1.73 109.0 19.0 1
Q2 6.42 3.66 1.75 39  35.12 1.75 -119.0 47.0 2
X2 6.5 3.68 1.77 33  49 2.04 39.0 11.0 1
G0 6.37 3.61 1.77 39  41.75 1.71 35.0 67.0 1
PB 6.25 3.54 1.76 43  29.25 1.6 43.0 43.0 2
M5 6.28 3.53 1.78 31  36.25 1.69 -117.0 39.0 2
G9 6.46 3.66 1.76 31  41.12 1.8 37.0 11.0 2
M3 6.18 3.47 1.78 31  44.25 1.7 -111.0 25.0 1
RE 6.38 3.62 1.76 60  44.75 1.6 89.0 27.0 1
B0 4.8 2.33 2.06 15.6  15.5 1.6 167.0 9.0 1
P6 6.35 3.61 1.76 43  56.25 1.88 -75.0 5.0 2
M5 6.28 3.53 1.78 31  25 1.6 13.0 43.0 1
DU 6.57 3.71 1.77 46  34.17 1.65 81.0 47.0 3
Q2 6.42 3.66 1.75 39  34.75 1.9 -69.0 47.0 1
S8 5.55 3.04 1.83 27  28 2 -17.0 15.0 1
D5 6.48 3.65 1.78 46  49.17 1.75 -81.0 41.0 3
W1 6.3 3.49 1.81 19.75  31.75 1.75 55.0 -5.0 1
H3 6.58 3.7 1.78 45.5  41.38 1.79 -113.0 45.0 8
R2 6.48 3.69 1.76 65  68 1.62 -71.0 -29.0 1
M5 6.28 3.53 1.78 31  32.83 1.71 -5.0 39.0 3
L8 6.57 3.71 1.77 34  36.25 1.8 -149.0 65.0 5
D6 6.44 3.63 1.78 41  51.05 1.83 -87.0 39.0 5
S4 5.74 3.16 1.82 27.5  44 1.78 25.0 37.0 3
G2 6.42 3.64 1.77 39  42.75 1.76 -69.0 63.0 1
A0 4.24 1.94 2.19 11.57  11 1.73 159.0 7.0 2
C8 5.74 3.18 1.81 32.5  29.75 1.83 -95.0 31.0 1
Q2 6.42 3.66 1.75 39  41.25 1.7 -75.0 45.0 3
GM 6.08 3.43 1.77 35  35.75 2.06 109.0 31.0 1
IH 6.31 3.55 1.78 32  30 1.98 31.0 29.0 1
D9 6.5 3.67 1.77 41  46 1.85 -99.0 31.0 1
LC 6.52 3.68 1.77 37  42.67 1.83 -123.0 43.0 3
MH 6.04 3.39 1.78 31  30.75 1.67 13.0 53.0 1
M5 6.28 3.53 1.78 31  37.75 1.72 13.0 49.0 1
L8 6.57 3.71 1.77 34  51.5 1.93 -149.0 61.0 2
T6 6.47 3.62 1.79 32  26.5 2.06 35.0 29.0 2
G6 6.47 3.67 1.76 45  41.25 1.79 -91.0 47.0 1
B7 5.14 2.6 1.98 24.5  25.12 1.63 167.0 -23.0 2
Q0 6.16 3.51 1.75 46  41.02 1.85 -109.0 43.0 14
N3 6.03 3.4 1.78 26.5  26.12 1.77 -137.0 -83.0 2
B6 5.19 2.63 1.98 24  19 1.76 167.0 -1.0 1
DC 6.55 3.7 1.77 41  41 1.74 -101.0 55.0 1
A0 4.24 1.94 2.19 11.57  10 1.86 -159.0 21.0 2
M9 6.29 3.54 1.78 40  36.5 1.87 23.0 43.0 1
PE 6.35 3.61 1.76 50  39.58 1.69 79.0 41.0 3
G2 6.42 3.64 1.77 39  46.75 1.73 103.0 51.0 1
I1 6.64 3.76 1.77 43  39.25 1.73 43.0 19.0 1
R2 6.48 3.69 1.76 65  35.5 1.68 -67.0 -23.0 1
IE 6.65 3.76 1.77 36  34.25 1.72 -5.0 33.0 1
G1 6.46 3.66 1.76 37  41.58 1.7 -51.0 67.0 6
B1 4.73 2.3 2.06 16  22.08 1.77 151.0 -9.0 9
R5 6.5 3.7 1.76 75  53.25 1.62 89.0 33.0 1
X2 6.5 3.68 1.77 33  40.73 1.78 -107.0 35.0 16
C0 6.34 3.53 1.8 29.25  25.5 1.6 -15.0 67.0 1
MG 6.26 3.52 1.78 27.5  26.19 1.71 9.0 49.0 4
DC 6.55 3.7 1.77 41  48.5 1.79 -65.0 -19.0 3
DE 6.53 3.68 1.77 46  27.25 1.98 23.0 49.0 1
RC 6.32 3.59 1.76 65  38.17 1.72 -67.0 -21.0 3
T4 6.39 3.57 1.79 32  51 1.64 -3.0 35.0 2
G2 6.42 3.64 1.77 39  42 1.77 -47.0 -23.0 1
H7 6.5 3.65 1.78 38  48.3 1.72 -109.0 35.0 5
U5 6.43 3.6 1.78 27  51.58 1.63 -3.0 -71.0 3
M5 6.28 3.53 1.78 31  32 1.73 119.0 27.0 1
S1 6.18 3.42 1.81 23  35 1.62 121.0 21.0 1
L3 6.6 3.72 1.77 40  44.9 1.79 -121.0 39.0 13
D4 6.32 3.55 1.78 46  29.5 1.6 -99.0 35.0 1
I2 6.58 3.69 1.78 38  37.75 1.6 35.0 -1.0 1
G6 6.47 3.67 1.76 45  42.25 1.9 -83.0 49.0 1
P4 6.31 3.58 1.76 50  43.2 1.87 77.0 43.0 5
DD 6.27 3.52 1.78 41  34.75 1.6 129.0 63.0 2
NC 6.1 3.42 1.78 26.5  32.75 1.68 -125.0 -81.0 1
M5 6.28 3.53 1.78 31  29.25 1.8 -117.0 41.0 2
PE 6.35 3.61 1.76 50  43 1.84 59.0 51.0 2
PD 6.24 3.55 1.76 50  43.75 1.93 87.0 43.0 1
I4 6.51 3.65 1.78 39  37.75 1.71 17.0 -19.0 2
L8 6.57 3.71 1.77 34  40.25 1.71 -135.0 59.0 2
M5 6.28 3.53 1.78 31  28 1.76 -113.0 41.0 1
S3 5.88 3.24 1.82 25.5  20.75 1.83 -61.0 15.0 1
P1 6.16 3.51 1.76 46  39 1.71 59.0 57.0 1
P5 6.13 3.48 1.76 45  45.5 1.6 81.0 41.0 1
R2 6.48 3.69 1.76 65  25 1.8 75.0 37.0 1
Q3 6.29 3.58 1.76 43  45.86 1.79 -109.0 39.0 16
R4 6.49 3.7 1.76 55  48.17 1.71 77.0 41.0 6
M7 6.28 3.53 1.78 35  36.42 1.92 -113.0 43.0 3
B1 4.73 2.3 2.06 16  12 1.76 71.0 -49.0 1
S7 5.66 3.11 1.82 27  36 1.62 13.0 37.0 1
F4 6.36 3.6 1.77 38.5  41.25 1.64 111.0 -67.0 2
R0 6.47 3.68 1.76 60  46.5 2.1 75.0 39.0 1
Z8 6.63 3.73 1.78 45  26 1.6 149.0 -35.0 1
P6 6.35 3.61 1.76 43  25 2.1 11.0 47.0 2
B2 4.66 2.27 2.05 16.5  41.75 1.82 153.0 -11.0 1
G1 6.46 3.66 1.76 37  37 1.71 -115.0 63.0 1
B6 5.19 2.63 1.98 24  35.75 1.86 -23.0 65.0 4
M1 6.1 3.43 1.78 31  25.5 2.08 13.0 55.0 2
M3 6.18 3.47 1.78 31  32.25 1.68 3.0 47.0 1
I3 6.43 3.6 1.78 41  36.25 1.68 39.0 -5.0 1
H1 6.61 3.73 1.77 40  34.5 1.75 5.0 23.0 1
T4 6.39 3.57 1.79 32  34.77 1.7 -121.0 37.0 16
R2 6.48 3.69 1.76 65  56.25 2.1 -71.0 -33.0 1
Q4 6.21 3.53 1.76 43  44.88 1.82 -109.0 41.0 54
A0 4.24 1.94 2.19 11.57  14.25 1.6 153.0 25.0 1
L8 6.57 3.71 1.77 34  38.04 1.81 -121.0 41.0 7
T4 6.39 3.57 1.79 32  36.25 1.99 -7.0 37.0 3
Q2 6.42 3.66 1.75 39  43.25 1.68 -135.0 61.0 1
S2 6.05 3.34 1.81 24  24 1.98 7.0 37.0 1
L3 6.6 3.72 1.77 40  50.25 2.1 -121.0 43.0 1
G2 6.42 3.64 1.77 39  40.25 1.8 117.0 -33.0 2
P4 6.31 3.58 1.76 50  45 2.01 -107.0 39.0 5
M5 6.28 3.53 1.78 31  37.38 1.86 -113.0 31.0 2
S3 5.88 3.24 1.82 25.5  56.5 1.94 -175.0 53.0 1
