PE 6.35 3.61 1.76 50  38.75 1.75 -113.0 47.0 8
B1 4.73 2.3 2.06 16  19.79 1.79 -55.0 -61.0 13
D9 6.5 3.67 1.77 41  39.46 1.85 -91.0 39.0 23
DC 6.55 3.7 1.77 41  43.25 1.76 -65.0 -19.0 23
RD 6.51 3.71 1.76 70  40.75 1.78 89.0 29.0 9
X5 6.6 3.73 1.77 38  38.16 1.77 35.0 -5.0 14
Q1 6.12 3.48 1.76 39  39.27 1.81 -79.0 41.0 13
G1 6.46 3.66 1.76 37  41.53 1.76 -51.0 67.0 54
Q0 6.16 3.51 1.75 46  41.02 1.85 -109.0 43.0 14
DE 6.53 3.68 1.77 46  38.58 1.92 -91.0 43.0 6
H3 6.58 3.7 1.78 45.5  41.25 1.79 -79.0 45.0 11
S5 5.63 3.09 1.82 28  40.33 1.87 25.0 35.0 10
B2 4.66 2.27 2.05 16.5  24.2 1.84 173.0 53.0 5
B6 5.19 2.63 1.98 24  37 1.87 -23.0 65.0 11
H1 6.61 3.73 1.77 40  42.41 1.74 -79.0 49.0 14
H2 6.62 3.73 1.78 45  36.23 1.81 -79.0 47.0 14
MG 6.26 3.52 1.78 27.5  33.14 1.79 -117.0 33.0 59
M5 6.28 3.53 1.78 31  33.16 1.74 -115.0 35.0 85
P1 6.16 3.51 1.76 46  45.21 1.8 -79.0 39.0 19
Z2 6.58 3.7 1.78 36.5  37.5 1.74 -151.0 67.0 5
S6 5.78 3.18 1.82 25.5  34.05 1.65 15.0 39.0 5
T7 6.29 3.51 1.79 32  30.5 1.72 -63.0 83.0 5
R5 6.5 3.7 1.76 75  42.08 1.76 91.0 31.0 6
B0 4.8 2.33 2.06 15.6  22.64 1.81 -25.0 37.0 9
A0 4.24 1.94 2.19 11.57  23.66 1.76 -31.0 39.0 19
R4 6.49 3.7 1.76 55  49 1.76 77.0 41.0 12
P4 6.31 3.58 1.76 50  48.25 1.84 -107.0 39.0 54
T6 6.47 3.62 1.79 32  38.78 1.73 -123.0 39.0 20
C3 6.13 3.41 1.8 31  31.62 1.83 -81.0 29.0 8
K2 6.46 3.66 1.76 35  35.51 1.82 173.0 -43.0 22
I7 6.61 3.71 1.78 42  37.53 1.79 21.0 -31.0 10
S8 5.55 3.04 1.83 27  34.2 2.07 -17.0 15.0 5
P2 6.23 3.53 1.76 38  41.44 1.82 31.0 37.0 16
H7 6.5 3.65 1.78 38  48.3 1.72 -109.0 35.0 5
S2 6.05 3.34 1.81 24  26.92 1.76 -119.0 33.0 21
Q2 6.42 3.66 1.75 39  39.95 1.8 -103.0 29.0 39
H6 6.52 3.67 1.78 51.5  47.6 1.81 -109.0 47.0 20
M2 6.15 3.46 1.78 31  34.12 1.83 -111.0 41.0 10
X2 6.5 3.68 1.77 33  39.33 1.78 -107.0 35.0 25
M3 6.18 3.47 1.78 31  33.36 1.74 -115.0 29.0 9
C2 6.24 3.47 1.8 30  33.03 1.72 -79.0 33.0 8
P6 6.35 3.61 1.76 43  41.96 1.8 -83.0 35.0 26
K1 6.29 3.57 1.76 35  38.5 1.79 173.0 -41.0 9
L2 6.44 3.62 1.78 34  40.52 1.84 -151.0 63.0 13
R2 6.48 3.69 1.76 65  57.59 1.75 -67.0 -23.0 11
S3 5.88 3.24 1.82 25.5  28.75 1.83 -175.0 53.0 5
M9 6.29 3.54 1.78 40  36.44 1.82 -119.0 37.0 43
Q4 6.21 3.53 1.76 43  44.88 1.82 -109.0 41.0 54
G9 6.46 3.66 1.76 31  42.07 1.92 117.0 41.0 11
D6 6.44 3.63 1.78 41  45.58 1.82 -89.0 39.0 15
G2 6.42 3.64 1.77 39  41.5 1.75 -47.0 -23.0 8
M8 6.21 3.49 1.78 37  43.4 1.81 -111.0 43.0 12
L3 6.6 3.72 1.77 40  41.98 1.88 -121.0 39.0 39
S4 5.74 3.16 1.82 27.5  39.33 1.81 15.0 37.0 6
C4 5.99 3.32 1.81 32  38.6 1.79 -165.0 55.0 5
M7 6.28 3.53 1.78 35  37.98 1.8 -119.0 39.0 39
I1 6.64 3.76 1.77 43  41.44 1.72 31.0 -23.0 16
DG 6.56 3.68 1.78 31  35.09 1.81 -81.0 33.0 14
IE 6.65 3.76 1.77 36  36.71 1.75 -7.0 33.0 6
PH 6.18 3.5 1.77 46  41.25 1.93 -107.0 45.0 5
Q3 6.29 3.58 1.76 43  44.54 1.81 -109.0 39.0 18
S1 6.18 3.42 1.81 23  31.99 1.81 -139.0 59.0 39
L8 6.57 3.71 1.77 34  39.9 1.79 -123.0 41.0 77
M1 6.1 3.43 1.78 31  34.64 1.81 -119.0 35.0 71
T4 6.39 3.57 1.79 32  37.29 1.73 -121.0 37.0 29
D5 6.48 3.65 1.78 46  46 1.79 -97.0 39.0 6
PB 6.25 3.54 1.76 43  40.82 1.74 -111.0 37.0 7
K4 6.12 3.45 1.77 32  29.25 1.9 147.0 -9.0 5
RC 6.32 3.59 1.76 65  48.32 1.74 -67.0 -21.0 7
PC 6.32 3.59 1.76 45  42.64 1.76 -105.0 37.0 14
Q6 6.48 3.67 1.76 41.5  40.81 1.81 -77.0 43.0 13
ME 6.15 3.46 1.78 27.5  27.11 1.67 -115.0 33.0 19
PD 6.24 3.55 1.76 50  43.46 1.82 -109.0 45.0 28
