
PD 6.24 3.55 1.76 50 kiloMETER 43.03 1.8 -109.0 45.0 24
L2 6.44 3.62 1.78 34 kiloMETER 40.11 1.85 -151.0 63.0 11
M9 6.29 3.54 1.78 40 kiloMETER 36.01 1.82 -119.0 37.0 39
P4 6.31 3.58 1.76 50 kiloMETER 49.18 1.81 -105.0 41.0 28
Q6 6.48 3.67 1.76 41.5 kiloMETER 40.6 1.78 -109.0 37.0 12
H6 6.52 3.67 1.78 51.5 kiloMETER 47.6 1.81 -109.0 47.0 20
PC 6.32 3.59 1.76 45 kiloMETER 42.91 1.77 -105.0 37.0 11
P2 6.23 3.53 1.76 38 kiloMETER 43.14 1.78 -105.0 33.0 14
H2 6.62 3.73 1.78 45 kiloMETER 36.27 1.79 -79.0 47.0 12
M5 6.28 3.53 1.78 31 kiloMETER 30.98 1.76 -117.0 35.0 27
DG 6.56 3.68 1.78 31 kiloMETER 35.5 1.83 -81.0 33.0 10
M1 6.1 3.43 1.78 31 kiloMETER 35.41 1.81 -119.0 35.0 63
S2 6.05 3.34 1.81 24 kiloMETER 27.56 1.73 -119.0 33.0 18
L8 6.57 3.71 1.77 34 kiloMETER 39.38 1.78 -149.0 63.0 21
P6 6.35 3.61 1.76 43 kiloMETER 44.44 1.77 -111.0 45.0 13
H1 6.61 3.73 1.77 40 kiloMETER 42.52 1.73 -79.0 49.0 12
P1 6.16 3.51 1.76 46 kiloMETER 48.21 1.8 -107.0 41.0 13
MG 6.26 3.52 1.78 27.5 kiloMETER 33.39 1.79 -117.0 33.0 53
L3 6.6 3.72 1.77 40 kiloMETER 44.4 1.93 -85.0 11.0 12
M7 6.28 3.53 1.78 35 kiloMETER 38.6 1.8 -117.0 37.0 30
ME 6.15 3.46 1.78 27.5 kiloMETER 26.27 1.68 -115.0 33.0 14
M5 6.28 3.53 1.78 31 kiloMETER 35.17 1.66 -115.0 35.0 15
S1 6.18 3.42 1.81 23 kiloMETER 31.79 1.81 -121.0 35.0 17
Q0 6.16 3.51 1.75 46 kiloMETER 41.02 1.85 -109.0 43.0 14
X2 6.5 3.68 1.77 33 kiloMETER 40.73 1.78 -107.0 35.0 16
L3 6.6 3.72 1.77 40 kiloMETER 44.9 1.79 -121.0 39.0 13
Q3 6.29 3.58 1.76 43 kiloMETER 45.86 1.79 -109.0 39.0 16
T4 6.39 3.57 1.79 32 kiloMETER 34.77 1.7 -121.0 37.0 16
Q4 6.21 3.53 1.76 43 kiloMETER 44.88 1.82 -109.0 41.0 54
