TX01 31.4247 -103.1040  750 6.31 43.63 1.75 
TX02 31.5140 -103.2050  765 6.30 43.87 1.75 
TX03 31.6230 -103.3230  831 6.29 44.32 1.75 
TX04 31.7330 -103.4460  833 6.29 44.69 1.75 
TX05 31.8790 -103.6070  873 6.27 43.94 1.75 
TX06 31.9670 -103.7070  899 6.26 43.26 1.75 
NM07 32.0854 -103.8400  966 6.24 42.39 1.74 
NM08 32.1967 -103.9710  886 6.23 41.65 1.74 
NM09 32.3290 -104.1210  893 6.21 41.16 1.74 
NM10 32.4710 -104.2710  929 6.21 41.17 1.74 
NM11 32.5838 -104.4090  974 6.26 41.67 1.73 
NM12 32.6800 -104.5100 1066 6.26 42.24 1.73 
NM13 32.8003 -104.6520 1177 6.27 43.70 1.74 
NM14 32.9100 -104.7640 1219 6.28 44.89 1.74 
NM15 33.0150 -104.9090 1342 6.29 47.49 1.75 
NM16 33.1757 -105.1250 1625 6.28 48.32 1.75 
NM17 33.2570 -105.1790 1705 6.28 48.06 1.75 
NM18 33.4046 -105.3400 1624 6.27 46.99 1.76 
NM19 33.4900 -105.4500 2028 6.26 45.78 1.76 
NM20 33.6047 -105.5940 2034 6.24 42.40 1.77 
NM21 33.7328 -105.7450 2000 6.22 40.84 1.77 
NM22 33.8403 -105.8690 1691 6.21 39.57 1.78 
NM23 33.9499 -106.0130 1813 6.20 38.73 1.78 
NM24 34.0469 -106.1200 1874 6.19 38.09 1.78 
NM25 34.1669 -106.2600 1933 6.19 37.59 1.78 
NM26 34.2622 -106.3640 1854 6.18 37.20 1.78 
NM27 34.3857 -106.5240 1870 6.17 36.87 1.78 
NM28 34.5399 -106.7010 1484 6.16 36.51 1.78 
NM29 34.6470 -106.8490 1561 6.16 37.11 1.78 
NM30 34.7541 -106.9800 1515 6.15 37.65 1.78 
NM31 34.8478 -107.0990 1676 6.15 38.34 1.78 
NM32 34.9805 -107.2640 1685 6.09 38.89 1.77 
NM33 35.1109 -107.4230 2094 6.03 39.68 1.77 
NM34 35.2690 -107.6410 2735 6.07 41.34 1.77 
NM35 35.3448 -107.7070 2133 6.10 41.66 1.76 
NM36 35.4506 -107.8200 2176 6.14 43.32 1.76 
NM37 35.5779 -108.0050 2254 6.18 45.65 1.76 
NM38 35.6998 -108.1630 2077 6.20 46.63 1.76 
NM39 35.7853 -108.2780 1949 6.22 46.95 1.76 
NM40 35.9450 -108.4290 1796 6.23 46.80 1.76 
NM41 36.0353 -108.5700 1718 6.24 46.72 1.75 
NM42 36.1485 -108.7170 1794 6.25 46.60 1.75 
NM43 36.2495 -108.8870 1991 6.27 46.44 1.75 
NM44 36.4215 -108.9580 1921 6.28 46.22 1.75 
AZ45 36.4543 -109.0840 2683 6.30 46.64 1.75 
AZ46 36.5569 -109.2190 2009 6.30 44.65 1.75 
AZ47 36.6352 -109.3340 1752 6.32 44.22 1.75 
AZ48 36.7598 -109.5390 1664 6.34 45.64 1.75 
AZ49 36.9233 -109.6490 1512 6.35 45.51 1.75 
AZ50 36.9762 -109.8640 1469 6.41 45.46 1.75 
UT51 37.0900 -110.0090 1498 6.46 45.19 1.75 
UT52 37.2363 -110.1360 1671 6.46 45.00 1.75 
UT53 37.3460 -110.3310 1291 6.45 44.40 1.75 
UT54 37.4187 -110.5060 1439 6.46 44.78 1.75 
